-7.714666161685659648e+18
-7.714666161685659648e+18
-7.714666161685659648e+18
-7.714666161685659648e+18
-7.714666161685659648e+18
-7.714666161685659648e+18
-7.714666161685659648e+18
-7.714666161685659648e+18
-7.714666161685659648e+18
-7.714666161685659648e+18
-7.714666161685659648e+18
-7.714666161685659648e+18
-7.714666161685659648e+18
-7.714666161685659648e+18
-7.714666161685659648e+18
-7.714666161685659648e+18
-7.714666161685659648e+18
-7.714666161685659648e+18
-7.714666161685659648e+18
-7.714666161685659648e+18
