0.000000000000000000e+00
3.101583806220848771e+01
3.331280037729773369e+01
3.773075623190144512e+01
3.447894175795896388e+01
4.946899604513625803e+01
4.132618140905054815e+01
5.044500395360608280e+01
5.422862653941243849e+01
5.860447517242503324e+01
5.484711535934947335e+01
5.656168483685079451e+01
5.246051458580499371e+01
5.195295770178401540e+01
4.838955775818141802e+01
4.857155692694455951e+01
4.720644132751935018e+01
5.114566048311288426e+01
5.265112150352193510e+01
5.688615887757164558e+01
5.606963213848602834e+01
5.745708656654302615e+01
5.712176618835907504e+01
5.250244224307581931e+01
5.060946038983315276e+01
4.812296594121909266e+01
4.721288482362248828e+01
4.962671136868266331e+01
5.582935882533272576e+01
5.739930710334534325e+01
5.846056565765046287e+01
5.535992237931889548e+01
5.660047356016985987e+01
5.604120094674262020e+01
5.942923347492977371e+01
6.216965326446965889e+01
6.660689749467624665e+01
6.968230283017179261e+01
6.910990371199849847e+01
6.848739330540995240e+01
6.894088116170881619e+01
6.786613032121080380e+01
6.467003005925579373e+01
6.670978887797242862e+01
6.516702285159013286e+01
8.114695586160766538e+01
8.466509721235044594e+01
9.165070503915441691e+01
9.208094928533688517e+01
9.408848833186767990e+01
9.776121532785268187e+01
9.964609922510008744e+01
9.898165935925035797e+01
1.000663078675557784e+02
1.092511939294034846e+02
1.136231443215147294e+02
1.187726152917886964e+02
1.266301231888659373e+02
1.336627770047867898e+02
1.311122006150427239e+02
1.348062204523402272e+02
1.424471261770708281e+02
1.486493203173108384e+02
1.484440802207439276e+02
1.458745419855823116e+02
1.452065464976797955e+02
1.498628686172496032e+02
1.509677787339938675e+02
1.543676601003628264e+02
1.609806223621464767e+02
1.690270420352563008e+02
1.727351780998135666e+02
1.736447734092342046e+02
1.713429841185763394e+02
1.686132412633451452e+02
1.662713849719634709e+02
1.647943378306005116e+02
1.606074970548646377e+02
1.587257744314354966e+02
1.552032497901140857e+02
1.529487445752183703e+02
1.495592545447895247e+02
1.437703917340382134e+02
1.407041716337161290e+02
1.356721345962423300e+02
1.316707156341855125e+02
1.274004543635713560e+02
1.246358679858779368e+02
1.243358009323494997e+02
1.243555815179767876e+02
1.253566864778053400e+02
1.231419638241395376e+02
1.194140654207231194e+02
1.174190006255293071e+02
1.198222857246464059e+02
1.224960984753315785e+02
1.309936440627105014e+02
1.359131986254439539e+02
1.388438878648213120e+02
1.426048547332052578e+02
1.474813507454888111e+02
1.543833588078807111e+02
1.608173290533443094e+02
1.594459894167137293e+02
1.565834518172717935e+02
1.531035706327088519e+02
1.443243276861688003e+02
1.376963919600430586e+02
1.292173823077399675e+02
1.232547876147235399e+02
1.182756903288321979e+02
1.130543794324524640e+02
1.070909828271884976e+02
1.040347574550432910e+02
1.004780457032754697e+02
9.681734718724922573e+01
9.573029494475977685e+01
9.649593311779230476e+01
9.567600409047392418e+01
9.442729337228590225e+01
9.426996195950913204e+01
9.418866633522469556e+01
9.294443136213942580e+01
9.245448913486946196e+01
8.950458449338776745e+01
9.034526791730993978e+01
9.289977380023940157e+01
9.661563049384419344e+01
9.927894006701718865e+01
1.011038412495839367e+02
1.040642886095868107e+02
1.061540645682943307e+02
1.073586657181103874e+02
1.097981029740123660e+02
1.125479587352412949e+02
1.151072983916926802e+02
1.186408202649203645e+02
1.225564096688030986e+02
1.254249877465423850e+02
1.306160865267599434e+02
1.342424717682092137e+02
1.348585900395985107e+02
1.323224256490498192e+02
1.319550685891064745e+02
1.292977709338453849e+02
1.238480813094127342e+02
1.193819875561186734e+02
1.127713780066233369e+02
1.082188528240017007e+02
1.015407609736280392e+02
9.619881209025763269e+01
9.085485788401304319e+01
8.610679091751390501e+01
7.835392357457965318e+01
6.811662444534272254e+01
6.267110445622815007e+01
5.950438881922324441e+01
6.075521723306598432e+01
6.066484966907651710e+01
6.031101399303605604e+01
6.200191080256315956e+01
6.418671958017280588e+01
6.547060827257118376e+01
6.681640909575129683e+01
6.666422927006574639e+01
6.812401022901568126e+01
6.927237498176539532e+01
7.308165780413860091e+01
7.991052623166726221e+01
8.616882806459804556e+01
9.172917136376703695e+01
9.661461965933217755e+01
1.006401456590242702e+02
1.049548732348405622e+02
1.082184336435847030e+02
1.117686202240439002e+02
1.223778786192406187e+02
1.241632449769172126e+02
1.294513196181807189e+02
1.321194236785242140e+02
1.376976728965317420e+02
1.447598483464398385e+02
1.468697472778430040e+02
1.458108030006822560e+02
1.414807737909907246e+02
1.405245820902241007e+02
1.367958160245997021e+02
1.395231893589686933e+02
1.367638169594164594e+02
1.321800154184759322e+02
1.272228998332723222e+02
1.214659551959753401e+02
1.150301100445635853e+02
1.079544694496856039e+02
1.004763230031232695e+02
9.432013750989375467e+01
8.923054150543725882e+01
8.248900583256846630e+01
8.124305892999491618e+01
8.562435340666668537e+01
9.023595306694998897e+01
9.371297666439237162e+01
9.707514619376739518e+01
9.760452606986331148e+01
9.653609052327895768e+01
9.636185103114787864e+01
9.855923094315670596e+01
9.841135304977233034e+01
9.783597767029712600e+01
1.014520032787690127e+02
1.047869163370528014e+02
1.066418730258238696e+02
1.087882432787094587e+02
1.057252858353380134e+02
1.074062696103761994e+02
1.092444133308580518e+02
1.193033760037819775e+02
1.232863326157190329e+02
1.270792127948003127e+02
1.256022578937061951e+02
1.213904619250782417e+02
1.122018579255622655e+02
1.026956623986130808e+02
1.011296572098306541e+02
9.276710153253532098e+01
9.344470113093314012e+01
8.666876415547304191e+01
9.961123681955453435e+01
1.112638462116850775e+02
1.184194492032229675e+02
1.241784375513876739e+02
1.266129422528327666e+02
1.305116995692878277e+02
1.356404930031698939e+02
1.370913587475355371e+02
1.376689723373358731e+02
1.371840522443429791e+02
1.312615994962370962e+02
1.271773154074293188e+02
1.266106250939796780e+02
1.285697428346898619e+02
1.218209674398973874e+02
1.189453045283955674e+02
1.116795290165583765e+02
1.044037654459825575e+02
9.916061065985672940e+01
9.728888084094934641e+01
1.003031232421190566e+02
1.074092801397510613e+02
1.143653195954778141e+02
1.187983997608761371e+02
1.249166954444881981e+02
1.323925690978999228e+02
1.355676971684130763e+02
1.444016257614275105e+02
1.494065820974516896e+02
1.492758576451151669e+02
1.550662016491306758e+02
1.553959229486963807e+02
1.485152361535631371e+02
1.370375601282134710e+02
1.220335093591046132e+02
1.225974968381162427e+02
1.223670174285874026e+02
1.260282044550618110e+02
1.228935420315999210e+02
1.225782990353828836e+02
1.229253127380642923e+02
1.192441642070790806e+02
1.142474457491330213e+02
1.114634064697663263e+02
1.149547689468132461e+02
1.183307958510427227e+02
1.227695705344743544e+02
1.248569410301525977e+02
1.271230596827288508e+02
1.249884684140513258e+02
1.225673682811958685e+02
1.224625141027388935e+02
1.228475810077412689e+02
1.205566753762440868e+02
1.161719234548356638e+02
1.150541009438876188e+02
1.104620995184597376e+02
1.092206617874551995e+02
1.121189265880121013e+02
1.147029452317469094e+02
1.146378906156251958e+02
1.114821525737797145e+02
1.081585038568203174e+02
1.008685354692517109e+02
9.739270549706687063e+01
9.517422357915759790e+01
9.392130349169495673e+01
9.436082887837673638e+01
9.431344562251732100e+01
9.413532173593947050e+01
9.183131710875467490e+01
8.960382616538012712e+01
8.648638101463970429e+01
8.780453902648437747e+01
8.830560006588480348e+01
8.595030878936162821e+01
8.312477419571544601e+01
7.712434160839384845e+01
7.316453545525922664e+01
7.046545989231310614e+01
6.966154837030119040e+01
6.843770895966703449e+01
6.811324485227994785e+01
6.923130828142305404e+01
7.243436239853407699e+01
7.707167889837232622e+01
8.384509776173973705e+01
9.145890369576923717e+01
9.682801366766361184e+01
1.004120819751854441e+02
1.055848072601168610e+02
1.081969515774873827e+02
1.109191073513321157e+02
1.136372870065934819e+02
1.166098059247043750e+02
1.193988243302811156e+02
1.215688074202872428e+02
1.227355176811018538e+02
1.243788577426756632e+02
1.255603556992562915e+02
1.263868108934410657e+02
1.273636724539613709e+02
1.284961171059445064e+02
1.299146221783278179e+02
1.308709252345901461e+02
1.315814338517849365e+02
1.336150797127004068e+02
1.335439741958573450e+02
1.331736104486449790e+02
1.347199948698314813e+02
1.363651207226677968e+02
1.363724178302434780e+02
1.353005249581705129e+02
1.341148538762887199e+02
1.316969021004931903e+02
1.298333357731258957e+02
1.238035977336096209e+02
1.223890646093391013e+02
1.158896016083139244e+02
1.172750925397444206e+02
1.142416506081090830e+02
1.097499459659784975e+02
1.077683504555117366e+02
1.039531324169882538e+02
9.967953603845350585e+01
9.587577224178522783e+01
9.330159030455739355e+01
8.875987226114510520e+01
8.688424490126364219e+01
8.990249824693992764e+01
9.010736767644630163e+01
9.015747211679170903e+01
9.187318166270922859e+01
9.533624348800141490e+01
9.750621900010142440e+01
9.902559684128850392e+01
1.003340590838347310e+02
1.004302734756872439e+02
1.009856252215093377e+02
1.073988203703223689e+02
1.102611063148206512e+02
1.033501229122425968e+02
9.906169975237808956e+01
9.925783316205607321e+01
9.446669974998998498e+01
9.340822610642291579e+01
9.270229336909319784e+01
9.626571461671261432e+01
9.918315661233097558e+01
1.027666555963271122e+02
1.034950794009897663e+02
9.710654585395307947e+01
9.844564614757129561e+01
1.024897168706225727e+02
1.077539175087388799e+02
1.130989188975776329e+02
1.161839274908169699e+02
1.278357381595900364e+02
1.445230866229990454e+02
1.505776250174389190e+02
1.535522798943995326e+02
1.586428318152262591e+02
1.587641121479722131e+02
1.614468095755431989e+02
1.612009682433252920e+02
1.638541983550545353e+02
1.636072030471941048e+02
1.654421581102607490e+02
1.662119479794984329e+02
1.654685554329601018e+02
1.624942262790290783e+02
1.689569986183865353e+02
1.778863296968338261e+02
1.843656463159319969e+02
1.837366756285244378e+02
1.821452380465152601e+02
1.771601991059955310e+02
1.676650061238006515e+02
1.556274446371885460e+02
1.386142706860669023e+02
1.199016179638226021e+02
1.053882260823272503e+02
9.635535573328542114e+01
8.942490348444249548e+01
8.307656638088843692e+01
7.847397338051746374e+01
7.467924533675895304e+01
7.502114682743550134e+01
7.748464110396447779e+01
7.989045085847369876e+01
8.253298671833334765e+01
8.949581304243289992e+01
9.294291793423214187e+01
9.587831393925948475e+01
9.875623439958569350e+01
1.032125191520370464e+02
1.088130413704438268e+02
1.150710289425659028e+02
1.223067528183113097e+02
1.261600822772511208e+02
1.299801322150352405e+02
1.311259866713243412e+02
1.310388103817756473e+02
1.294834828423613544e+02
1.270330168834907312e+02
1.304796948222155208e+02
1.314591867479879852e+02
1.278379684808121368e+02
1.262628825091705380e+02
1.168200994705357516e+02
1.143347815607463929e+02
1.153373941950159036e+02
1.134797090793256444e+02
1.123239220186947023e+02
1.116129620586948050e+02
1.053289811935708258e+02
9.784451927572069962e+01
9.295573828827915008e+01
8.865143235558625179e+01
8.570445090022796819e+01
8.136697784021620805e+01
7.888088886395533450e+01
7.673618830664955226e+01
7.286010359234748535e+01
7.036747138856618733e+01
7.241168787877016655e+01
7.393245424939483712e+01
7.704461555315296550e+01
8.083464588706664244e+01
8.571403086941101890e+01
9.004102701068339343e+01
9.424721754863338674e+01
9.411091585008617244e+01
9.441757792964250484e+01
1.033408831014019285e+02
1.069915989164101120e+02
1.129454729237437647e+02
1.198855640392793447e+02
1.265961920961561589e+02
1.336419971454475899e+02
1.412733659929271539e+02
1.484181707249202020e+02
1.537955607565842797e+02
1.590616670231657963e+02
1.625410616634958672e+02
1.640722509030761103e+02
1.655536958097561921e+02
1.655297063429561888e+02
1.650835099091902123e+02
1.616984494650914144e+02
1.597566703566722310e+02
1.557778112570061921e+02
1.549736885726090065e+02
1.545391625972914085e+02
1.567046692003547719e+02
1.601412459219893663e+02
1.617331851175181612e+02
1.617265177120191595e+02
1.596891878280297874e+02
1.559085517942541514e+02
1.532003868816400711e+02
1.482127080842736007e+02
1.449746660820487989e+02
1.395449678307410863e+02
1.331385106726161212e+02
1.282808591191466974e+02
1.169521354070979271e+02
1.096676257328133488e+02
1.075860361794266282e+02
1.067498118142964074e+02
1.041599742635060295e+02
1.042086027617510382e+02
1.038023589492977834e+02
1.033649238714337457e+02
1.031231524457664364e+02
1.036843130620004985e+02
1.034898665878963158e+02
1.031185087741571635e+02
1.016987724677227618e+02
9.937033010965468804e+01
9.413791230531636245e+01
8.576727940886790691e+01
8.022642901579654051e+01
7.233069945375275722e+01
6.687063219734712050e+01
6.336902523999779646e+01
6.007032645674951254e+01
6.123176732947616330e+01
5.393203199297029471e+01
5.200412552577246572e+01
5.453486001968400387e+01
5.161015082488908945e+01
5.169264353721280258e+01
5.974093198209214961e+01
5.998223928127789151e+01
6.352382223632220359e+01
6.571067303260242909e+01
6.740264594899292661e+01
7.100988339083717449e+01
7.759850834715464885e+01
8.120380120762550291e+01
7.973413936721969719e+01
7.906836332459748462e+01
7.964513060328671656e+01
8.334739144015362911e+01
8.259803091350508453e+01
8.728148551848413206e+01
9.176650676307798449e+01
9.138592288364357330e+01
9.012808285547528442e+01
9.572151906968865376e+01
1.011830594559020113e+02
1.048540753620134467e+02
1.032340193768758638e+02
9.859539111409685574e+01
9.438044701297469885e+01
9.318107852388740753e+01
9.489140679784323140e+01
9.896100190504253646e+01
1.005824753893893444e+02
1.008835938881648815e+02
9.993611539388746223e+01
9.950543042915083447e+01
9.980919821876148035e+01
1.026161000319014249e+02
1.030339434739262430e+02
1.034628048401829687e+02
1.056994976257048648e+02
1.042691794119853625e+02
1.011795422649855709e+02
1.010908339673366783e+02
1.021606487443960845e+02
1.014462154772283782e+02
1.050747061699771763e+02
1.051386870407519751e+02
1.063106785060360124e+02
1.082032788629204276e+02
1.062842993937989178e+02
1.038529698080973986e+02
1.016276548263005282e+02
1.023434328488325207e+02
9.920065907947147821e+01
1.011251157061768140e+02
9.920260933620586741e+01
9.844765531546721604e+01
9.755568556787139300e+01
9.841016914897325307e+01
9.879446162027855394e+01
9.974254177098448793e+01
1.004323855465536610e+02
9.947729111852518713e+01
9.908577575364688528e+01
9.892108290063478648e+01
9.682048944028420578e+01
9.622034173431119086e+01
9.104009852341712872e+01
8.813162170114415517e+01
8.865280877696021378e+01
8.878968165983064864e+01
9.355626335098973811e+01
1.002011506327974359e+02
1.037080473909674936e+02
1.052437075836412248e+02
1.044139159523331415e+02
9.510896945685985315e+01
9.439953617322508705e+01
9.381573597501811435e+01
9.442396894178936861e+01
9.308048953881282728e+01
9.386690774198387999e+01
9.319351427556539136e+01
9.174906557975718613e+01
8.753389149865317620e+01
8.839185133380901505e+01
8.549288233334721099e+01
9.190965376350690974e+01
9.348885755514014306e+01
9.650048836868101887e+01
9.987554110987196054e+01
1.019476236067097972e+02
1.020336789473043098e+02
1.019930394724050160e+02
1.030188772511275488e+02
1.024400991566910051e+02
9.923030481378411594e+01
9.336781244817805714e+01
9.028259251839010346e+01
8.236671781614353449e+01
7.747075777658803020e+01
6.825082515508944425e+01
6.863272302555068904e+01
8.400165143567869563e+01
8.668085455927139549e+01
8.800537899324640989e+01
8.939693542343196953e+01
9.482100841782057898e+01
9.857865396007213121e+01
1.018557200293338099e+02
1.047557860231829210e+02
1.049339067375020988e+02
1.053699018025884442e+02
1.034310348870886855e+02
1.022961526833468469e+02
1.010030353493861384e+02
1.021395992678112634e+02
1.013980088513784779e+02
9.950090149470700851e+01
9.655455907641309921e+01
9.175277448087622645e+01
9.010786534724742580e+01
8.531985631839742723e+01
8.114271279483999422e+01
8.129856828278114733e+01
8.144381358968976770e+01
8.389463651605646533e+01
8.675835366160352180e+01
8.762717409148662284e+01
8.799538639493921721e+01
8.712937067739584052e+01
8.643445396074852738e+01
8.627111973002600109e+01
8.453996944012004633e+01
8.243391940591197908e+01
7.888665957505391191e+01
7.500787069763090642e+01
7.142674267917847430e+01
6.900878521361359219e+01
6.810156663393109966e+01
6.808956906497522255e+01
6.752579815982574019e+01
6.563827472265235485e+01
6.530200929865544879e+01
6.384792374599477682e+01
6.446385993328421193e+01
6.438774409043720937e+01
6.496899188577252460e+01
6.464060211851713689e+01
6.665434906205793197e+01
6.836164735915976109e+01
6.868237026217533980e+01
6.855040987721959311e+01
6.752467336433959133e+01
6.710428494985316661e+01
6.606227315430538738e+01
6.574734608327024432e+01
6.423067368685128997e+01
6.353034836449437961e+01
6.219192046504304017e+01
6.145468239524586807e+01
6.237160970534291948e+01
6.423112617624281029e+01
6.525041147673209707e+01
6.528831351001051075e+01
6.513256808526261921e+01
6.565407077325890839e+01
6.559983251181078856e+01
6.689484522146615575e+01
6.732272979235726496e+01
6.885143311880108286e+01
6.859864467632733920e+01
7.378608685332184791e+01
7.709778518628938571e+01
7.845046520784600830e+01
8.306528434148646056e+01
8.366082208461948255e+01
9.278829485151069889e+01
9.532531079593690038e+01
9.734516653876556802e+01
9.709363855677055710e+01
9.611044627599207502e+01
9.399889621881399648e+01
9.233326282465964141e+01
9.310525433671365647e+01
9.608144736933880381e+01
