4.440892098500626162e-16
3.015068224113516895e-04
4.738251415589857089e-04
5.871171872850724973e-04
5.962865700820898411e-04
7.258497434761249393e-04
6.990909618390629080e-04
7.193607389475699604e-04
8.007509598296948120e-04
8.718879305128247881e-04
9.338772649575675542e-04
1.008842280606333987e-03
1.044850329685818955e-03
1.091600514979293446e-03
1.066634031637924817e-03
1.086394543425240646e-03
1.086028261611834359e-03
1.122157507072109707e-03
1.135010924004738924e-03
1.140964896457101647e-03
1.126722143575033946e-03
1.118877385392391720e-03
1.169224668776158759e-03
1.258154335204570958e-03
1.327123307909354412e-03
1.590874635416515128e-03
1.738750673391317595e-03
1.918563043119720984e-03
2.483242056698234303e-03
3.393763264708422010e-03
4.247073888619297584e-03
5.210857724312717605e-03
6.916073757045645802e-03
8.594213449684202921e-03
1.012749830888653828e-02
1.241094330128943678e-02
1.391385569989131432e-02
1.351715514260315963e-02
1.728881903281108412e-02
1.485080190146572353e-02
1.750402769764853109e-02
1.592385358265682033e-02
1.638583681929500074e-02
1.585222582598141972e-02
1.446122520621974557e-02
1.440983667650394887e-02
1.278950358855818377e-02
1.300214457869015676e-02
1.444301324391311474e-02
1.526238237628650511e-02
1.545867971908491088e-02
1.632359921482811477e-02
1.788605218298594188e-02
1.789494119499377561e-02
1.723178189138854094e-02
1.705290770530599326e-02
1.814349944962828642e-02
1.787521391987424019e-02
1.848546604565329612e-02
1.921408160083030656e-02
1.954276445657590622e-02
1.910148796769200324e-02
1.878032474942786106e-02
1.859352878860676128e-02
1.923496108274557609e-02
1.934304062599597612e-02
1.980877076240193310e-02
1.961823365021689650e-02
1.917423376815033387e-02
1.839565018738618246e-02
1.762775713905323505e-02
1.685542686627863190e-02
1.598110605161098124e-02
1.561746843655004158e-02
1.524240054785478034e-02
1.461323666110031332e-02
1.360467849687603363e-02
1.275585869553489543e-02
1.212983648640604886e-02
1.220464796571517525e-02
1.201564757549213741e-02
1.190938163203195642e-02
1.160438897163489774e-02
1.097880792412552105e-02
1.054310103959561068e-02
9.905372370458437326e-03
9.457193316746730430e-03
8.607909642389801469e-03
7.888100415327309323e-03
7.306950128691007060e-03
6.863335608906595206e-03
6.633736165909544236e-03
6.380046480095076002e-03
6.300929031452162307e-03
6.087918198852671631e-03
5.840117926428067645e-03
5.779949727933716280e-03
5.835597813675331633e-03
5.932801474263251634e-03
6.101612565913036232e-03
6.275280409181757321e-03
6.476328964133842153e-03
6.678517733872052671e-03
6.851367946276632273e-03
7.072600471251616790e-03
7.264640864131460991e-03
7.326174369980854514e-03
7.579522768412055335e-03
7.670422232948769306e-03
7.875008292279033623e-03
7.922163561844823565e-03
7.903033917319248619e-03
7.993801794767305818e-03
7.958754211172749601e-03
7.795118885300612518e-03
7.650226484159331972e-03
7.489815360066224594e-03
7.445078850898304013e-03
7.381137640113732273e-03
7.280352622198266350e-03
7.339938791375021782e-03
7.299403731170110016e-03
7.400985015896033303e-03
7.505323538420978317e-03
7.583411868990737846e-03
7.762683964406293796e-03
7.958851781182576385e-03
8.230743258058956582e-03
8.339696692349050228e-03
8.379325467527004925e-03
8.472420551140492223e-03
8.556896659832054913e-03
8.728077344791614414e-03
8.706792652108597680e-03
8.745767326751278589e-03
8.678388957434553935e-03
8.575143048423118294e-03
8.390282351895459595e-03
8.195071513289018880e-03
7.973705935584256971e-03
7.896697266031220755e-03
7.784052242855961541e-03
7.661307990015337084e-03
7.621327892092430965e-03
7.491622958721717331e-03
7.377758808182210276e-03
7.219422126514664709e-03
6.985402601463403319e-03
6.715097075888249410e-03
6.431674006083317949e-03
6.140777610812806625e-03
5.839914480813193816e-03
5.568874521583678724e-03
5.312411063653981781e-03
5.171116301197427149e-03
5.037933719206771042e-03
4.912914113806440830e-03
4.822028578706154950e-03
4.729958815885942393e-03
4.671050249985637601e-03
4.697209145555902333e-03
4.814277725307309491e-03
4.895680155715112156e-03
5.017761003892506032e-03
5.150643141016330445e-03
5.373693057461150988e-03
5.461533874856779221e-03
5.724923313433888036e-03
6.133478757007294890e-03
6.580600183817332700e-03
6.982249510153762384e-03
7.279328364591285822e-03
7.478156284106610326e-03
8.084171759293615200e-03
8.520844606062000573e-03
8.691584991132447410e-03
8.531390349796752134e-03
8.694706302640894946e-03
8.828156917785894356e-03
8.752675112062673068e-03
9.072963125015232402e-03
9.375814393167869465e-03
9.230354195930481551e-03
9.163776504331776207e-03
9.549190070626762186e-03
9.541070712412925980e-03
9.607217440439816056e-03
9.527593750237149314e-03
9.530690974590654355e-03
1.014214904091601151e-02
1.053656532234185060e-02
9.778709761456541930e-03
9.668261338566942753e-03
8.818406282164861776e-03
7.921609981584882415e-03
7.329826049039562565e-03
6.890118214854024092e-03
6.597639238638458581e-03
6.254961137598498422e-03
5.970382666933587990e-03
5.836705221394601628e-03
5.878577473846823172e-03
6.000464246205873022e-03
6.086112909155270458e-03
6.112264730041441427e-03
6.079449414207513565e-03
6.163596196916399338e-03
6.380739548240456360e-03
6.423931550332822628e-03
6.499198691555988991e-03
6.572776251798750913e-03
6.591936697140640851e-03
7.067234763553532396e-03
7.293313974870301725e-03
7.799001583972364239e-03
8.061377000432811551e-03
7.943875743439509154e-03
8.316863889854466882e-03
8.868834785165192330e-03
9.025135281470534482e-03
9.812354528501269352e-03
1.067606774560414182e-02
1.126028401586537213e-02
1.097721320487332793e-02
1.126274874323620646e-02
1.054309507456606398e-02
1.091435648695852564e-02
9.981960482112526775e-03
9.224296695569112609e-03
9.210831974011247578e-03
9.121650881816777828e-03
9.031771571920369640e-03
9.154664385953248384e-03
9.020462646791752026e-03
8.781257130634373756e-03
8.716330981538485470e-03
8.790922906708612330e-03
8.548658092782816798e-03
8.337214892552954199e-03
8.193419446868639711e-03
8.112805801212584836e-03
7.689064296024372344e-03
7.396159049638210449e-03
6.895938230699962500e-03
6.643440468747839611e-03
6.421485116708469491e-03
6.389355353041721933e-03
6.452131874398912489e-03
6.672722958449105526e-03
6.783991226404241341e-03
7.097200531351221392e-03
7.249329209544711980e-03
7.440379556654805153e-03
7.414435018559507699e-03
7.529887194957651450e-03
7.473922578729028272e-03
7.603005851442199217e-03
7.722758017415304148e-03
7.895544886681243185e-03
8.102984858692853509e-03
8.154358838221622760e-03
8.216126958027645741e-03
8.384358751428814746e-03
8.566686326378877489e-03
8.663992346429505442e-03
8.577944286915953342e-03
8.709123846799915816e-03
8.947172009404031137e-03
9.022922428872121037e-03
9.064663288240216998e-03
9.109241370575180477e-03
9.002199979548181075e-03
8.976563462283926320e-03
8.861578224257522438e-03
8.842676278688049035e-03
8.976870436837577905e-03
8.929428772837783024e-03
8.859763018055554981e-03
8.825694544449185636e-03
8.717840065003626751e-03
8.488727004621615321e-03
8.276500435822649673e-03
8.154336290022818137e-03
7.713643860579764630e-03
7.252849614743483997e-03
6.793292528009453254e-03
6.511131451935690123e-03
6.221097428482227215e-03
6.005053747107934325e-03
5.822337869978765588e-03
5.678648211147534035e-03
5.576230751015718093e-03
5.479792069614187501e-03
5.436664757654925684e-03
5.357241939350371358e-03
5.197810310952472729e-03
4.978013039887635612e-03
4.745185581239695985e-03
4.559776116420982857e-03
4.426870809159792405e-03
4.321071366329026255e-03
4.178095237783638859e-03
4.066482822464626522e-03
3.981840954915511627e-03
3.906369090957375993e-03
3.866688898462850629e-03
3.836640570235542048e-03
3.831105689035788509e-03
3.864167832010021592e-03
3.879260434472162934e-03
3.925089723627969707e-03
4.046760679893767094e-03
4.081912805324104318e-03
4.118059281381383774e-03
4.188572340945819102e-03
4.280239770571920427e-03
4.352462195354869952e-03
4.458218523272974333e-03
4.544987212144377051e-03
4.639904905945370188e-03
4.672021803941776158e-03
4.726761038428404886e-03
4.811991626388207634e-03
4.827316050663586072e-03
4.833694778212013418e-03
4.892732462757355336e-03
4.927643127889648304e-03
4.954587790397782694e-03
5.008407951416606399e-03
5.074403212657337819e-03
5.075417472225274111e-03
5.092716360074661663e-03
5.082197095687051268e-03
5.098047892682779775e-03
5.066860817117067872e-03
5.075775641162289312e-03
5.089340753084810147e-03
5.137636350808688634e-03
5.129538237291336213e-03
5.054487693014269971e-03
5.027930127669249204e-03
4.994021631749487322e-03
4.952361834479938885e-03
4.926626649164614347e-03
4.983333021923069643e-03
4.892116787472981961e-03
4.723734551376146396e-03
4.603307046765550692e-03
4.510379254536576836e-03
4.393242924912201842e-03
4.287707759644823584e-03
4.210660958766315222e-03
4.128623356192046012e-03
4.090370009035021286e-03
4.081875139111495326e-03
4.081356812654169178e-03
4.118079019743849968e-03
4.183370962787514268e-03
4.198603428602317236e-03
4.207047391992868937e-03
4.231959654875066049e-03
4.391023594477480238e-03
4.549186034376818434e-03
4.845925061149051159e-03
4.982510127944512514e-03
5.168118575937785501e-03
5.602187526703650104e-03
6.154016447516306131e-03
6.427108388362159225e-03
6.984747595601669898e-03
7.621985507856814286e-03
7.732838149394094876e-03
8.097970212677434165e-03
8.706904747654856114e-03
8.950675875793642419e-03
9.426760992457853053e-03
9.882825938009492592e-03
1.055310573934390393e-02
1.110307754115310089e-02
1.131850870836768885e-02
1.144982406028757609e-02
1.105002481284608762e-02
1.060906863626518044e-02
1.038997105215756431e-02
9.383975658154242172e-03
8.357673340779806642e-03
8.380342219753504282e-03
8.405559518192128043e-03
8.148076029341332072e-03
7.913418262594866179e-03
8.077459980740425011e-03
8.232549118665692320e-03
8.335615302802648618e-03
8.204281848054897908e-03
8.114931762563294335e-03
8.134774440760408204e-03
8.172713365531597898e-03
8.082337346107932446e-03
7.700492730208761266e-03
7.273491049778727999e-03
7.022060065496074817e-03
6.834759955843990042e-03
6.575515289716693870e-03
6.417346973305954050e-03
6.166586764912177811e-03
5.945999676778806163e-03
5.720985289824916283e-03
5.363650151478462774e-03
5.044620975911019191e-03
4.751583460791115529e-03
4.517560623192739926e-03
4.440984835186767218e-03
4.301162529597849817e-03
4.277450592946081473e-03
4.260395836434328204e-03
4.414074133629995560e-03
4.660725859542730505e-03
4.867344353819197042e-03
5.258278135109225801e-03
5.425571167546483324e-03
5.640412970955252861e-03
5.836927175255584785e-03
5.998185297457058612e-03
6.140874028112889779e-03
6.233620267515480734e-03
6.466163749535263315e-03
6.573550171348380849e-03
6.603055183946644410e-03
6.590021404054765934e-03
6.825984597895781714e-03
6.803026711754977217e-03
6.700168956730977697e-03
6.688441351607257897e-03
6.615058424831520706e-03
6.557375408642801724e-03
6.594387640242907467e-03
6.480035901991124461e-03
6.283889293029870302e-03
6.232762941136657520e-03
6.065524191674988470e-03
5.905859218217904098e-03
5.763832884657204246e-03
5.605848913514332836e-03
5.391057956854751129e-03
5.159681474784367367e-03
5.027675385726622197e-03
4.900766209271614771e-03
4.839690036264466914e-03
4.745468028509083197e-03
4.604689125694770048e-03
4.574694546214459756e-03
4.550670635135313849e-03
4.515531884147812834e-03
4.497410770371387638e-03
4.498137242429436911e-03
4.575336301292814642e-03
4.678109192731766050e-03
4.818646752576097141e-03
5.035404957313222019e-03
5.151048162161933272e-03
5.497375986935431474e-03
5.697344377312765253e-03
6.066655828545592169e-03
6.374914574913411770e-03
6.770524788469221324e-03
7.039574265763070236e-03
7.164392080596098701e-03
7.429120909472258782e-03
7.673417447146449293e-03
7.991245499586787857e-03
8.073354077729810035e-03
8.221835564948095504e-03
8.531260436642972358e-03
8.676416905271260027e-03
8.624202881661494763e-03
8.608114597766154327e-03
8.599996846563141145e-03
8.644311326964545725e-03
8.884221979435941510e-03
8.630145440811398325e-03
8.355472588911222812e-03
8.105634820171682756e-03
7.972989598361074001e-03
7.860410745786059611e-03
7.773554030524223134e-03
7.636521538310132862e-03
7.611915019234478073e-03
7.327750948559245969e-03
7.058098607045532394e-03
6.841805539747559430e-03
6.684256267347247170e-03
6.540786258527207277e-03
6.444965726467776976e-03
6.364052882212334686e-03
6.088602343703342946e-03
5.767311302111787635e-03
5.514856590591859543e-03
5.319396306783685802e-03
5.181182875653662749e-03
5.046122313931524113e-03
4.992883991546899318e-03
4.908429284812783344e-03
4.802934223563588671e-03
4.708495948580317635e-03
4.601671755525619384e-03
4.535269771251371554e-03
4.525363164916655981e-03
4.557386857956928668e-03
4.640240276135115111e-03
4.697901950988805052e-03
4.883993899508234926e-03
5.115949564087468419e-03
5.310179170112538580e-03
5.821269521394932013e-03
5.906901543943879514e-03
6.350396910533552541e-03
6.835289631463365573e-03
6.780435363059971431e-03
7.684664240045858963e-03
7.972673711009807887e-03
7.681238918774351693e-03
8.857971579122020378e-03
8.715668722086655426e-03
8.725536170653403617e-03
9.230131896279716169e-03
1.026642740565801744e-02
9.553001691562233028e-03
9.453512928510139288e-03
9.717064737267315858e-03
9.748796964777848434e-03
9.762541825210474186e-03
8.780598964106755069e-03
9.378860064765588006e-03
8.979970669783782569e-03
8.274917259514109544e-03
9.021607698518644899e-03
8.697822585874580639e-03
7.819451995812147851e-03
7.033446459113723223e-03
6.382598540339582717e-03
6.315949981260641707e-03
6.233474861884660996e-03
6.042986001983228876e-03
5.889316489315125219e-03
5.534208992723567942e-03
5.138749659255612522e-03
4.889356982324274958e-03
4.794337242176467326e-03
4.662143390989705559e-03
4.604552711260413884e-03
4.544074670756972911e-03
4.490430141145027206e-03
4.439445590529150949e-03
4.340648793342840109e-03
4.327608922496057123e-03
4.248873013505730621e-03
4.185743560094939628e-03
4.169287337479633468e-03
4.136604131209592125e-03
4.069917628676178976e-03
4.130194839122420213e-03
4.157935368594709198e-03
4.213536466642180123e-03
4.251294296205922717e-03
4.205651257664123899e-03
4.179385493871552899e-03
4.093017414205276858e-03
4.088571425838237981e-03
3.998387328365947228e-03
3.913158503080597060e-03
3.831593311944768085e-03
3.730561018148008997e-03
3.649769732887101891e-03
3.665686929107613793e-03
3.688281448867101759e-03
3.658911277107543009e-03
3.650909672559723984e-03
3.611828898383934172e-03
3.590868523165354018e-03
3.562185313915232181e-03
3.583238496140261128e-03
3.634877218529307830e-03
3.630375017092897765e-03
3.682537048166468693e-03
3.683683529531583175e-03
3.665002925541064466e-03
3.722452231419636718e-03
3.699036837635087324e-03
3.731377601673880554e-03
3.775097254139258077e-03
3.816584364477136008e-03
4.145649178856803015e-03
4.311199883183626860e-03
4.562460287037237681e-03
4.816511795107813673e-03
5.046482531149983075e-03
5.344999635431300043e-03
5.817895285571812736e-03
5.970334527474365285e-03
6.332456631553472041e-03
6.274410804857553231e-03
6.461815563460726088e-03
6.758581299299707031e-03
7.238101919512768267e-03
7.528565537657115961e-03
7.729392086458104424e-03
7.939555310099209381e-03
7.823140762981507096e-03
7.844517295227526957e-03
7.923415776736622562e-03
7.783589813221627671e-03
7.267757699104882181e-03
7.134283348605750114e-03
6.772977816492674157e-03
6.196260245445230422e-03
5.901765208772449638e-03
5.829286655436966350e-03
5.195871123433149462e-03
4.550211263032799720e-03
4.265270398367199296e-03
4.110468980355848519e-03
3.965807383143804890e-03
3.875859668435464259e-03
3.753687212360510596e-03
3.610751301612289549e-03
3.478654397314997603e-03
3.435615655236867304e-03
3.419599144919128076e-03
3.375362668150079341e-03
3.335140304659304621e-03
3.303757541241113174e-03
3.296458263225100944e-03
3.268718944824943861e-03
3.273320260670700005e-03
3.310159423101142681e-03
3.268742221798426675e-03
3.292998574556632412e-03
3.318217000410279491e-03
3.300180443616257658e-03
3.299541398038425156e-03
3.292256231523925381e-03
3.321178036410654590e-03
3.333514858673977937e-03
3.355527264710139734e-03
3.392930268551042679e-03
3.401947407431954278e-03
3.375081655181763705e-03
3.402265161974094097e-03
3.382555229341161710e-03
3.370109053105548643e-03
3.386376956561163581e-03
3.389706809216957040e-03
3.410192847325934501e-03
3.386849458807959443e-03
3.349302266150781717e-03
3.287238792558501953e-03
3.242943093832858885e-03
3.203279099739664293e-03
3.223394363643702042e-03
3.234090142322497332e-03
3.267296457377171556e-03
3.292642942956463484e-03
3.382031475914662900e-03
3.365553018792471780e-03
3.393497323124836443e-03
3.392815029537280588e-03
3.347088227767977455e-03
3.298720131257378441e-03
3.258499746955606947e-03
3.238511771699513660e-03
3.198871345630524901e-03
3.198197620548702113e-03
3.191945993321084092e-03
3.195593684742814144e-03
3.186344667834321940e-03
3.190841350743216405e-03
3.196624812861263449e-03
3.187234911906440277e-03
3.201432017464211650e-03
3.218998917746791148e-03
3.222281305389591670e-03
3.235968162965704824e-03
3.230138664092601242e-03
3.252119388717020308e-03
3.262850972817479649e-03
3.270550038250049068e-03
3.287969578222850204e-03
3.220976863677126305e-03
3.165799565742423785e-03
3.158252698879751227e-03
3.138871613113921721e-03
3.223837290807420475e-03
3.179293684821565911e-03
3.254290912459443467e-03
3.341108427352630465e-03
3.530349098757743203e-03
3.658121391202898490e-03
3.865171293326281812e-03
4.020022894817811693e-03
4.310750179104116432e-03
4.528271371838323532e-03
