0.000000000000000000e+00
9.805662180455785304e-01
1.956000004720434449e+00
2.934754373779549397e+00
3.913781546868465355e+00
4.890245926544796617e+00
5.870454272637300797e+00
6.844736220075215094e+00
7.823490589134330264e+00
8.801499880520651686e+00
9.779134677486132077e+00
1.075638911327744651e+01
1.173460178544584309e+01
1.271241356280341783e+01
1.369025467392764028e+01
1.466868246038476897e+01
1.564517421824330157e+01
1.662356289301157375e+01
1.760053376905864653e+01
1.857888333213805510e+01
1.955653866274019137e+01
2.053413532580902867e+01
2.151256311226616091e+01
2.249011088572392936e+01
2.346705242800435443e+01
2.444518687679503088e+01
2.542314532298583529e+01
2.640078109774353976e+01
2.737866132055662050e+01
2.835683488103615701e+01
2.933456843501601341e+01
3.031240954614023408e+01
3.129074933129742675e+01
3.226769087357785537e+01
3.324589376782403605e+01
3.422405755038135311e+01
3.520141954331703715e+01
3.617994510899631422e+01
3.715706265387661489e+01
3.813462020525660279e+01
3.911297954625822371e+01
4.009071310023808365e+01
4.106747863991864023e+01
4.204582820299804524e+01
4.302323908554480170e+01
4.400245888370135106e+01
4.497927331299298714e+01
4.595687975398404745e+01
4.693434930406409222e+01
4.791264997753242483e+01
4.889021730683462152e+01
4.986744240885929003e+01
5.084577241609427034e+01
5.182398508826265981e+01
5.280205109159783916e+01
5.377858196114523537e+01
5.475685330084692026e+01
5.573538864444841323e+01
5.671324931141706571e+01
5.769154020696318241e+01
5.866908798042094730e+01
5.964607841231245544e+01
6.062372396499237226e+01
6.160245486703816908e+01
6.258020797686246084e+01
6.355673884640984284e+01
6.453464840298957483e+01
6.551274374009139478e+01
6.649097596810422317e+01
6.746843574026203783e+01
6.844574884358664235e+01
6.942468508199897315e+01
7.040279997494521069e+01
7.138044552762512751e+01
7.235806174653841083e+01
7.333457306024136813e+01
7.431245328305445241e+01
7.529094951496708177e+01
7.626917196505770846e+01
7.724561483330515443e+01
7.822514752497259849e+01
7.920259751920821145e+01
8.017905994330010344e+01
8.115759528690159641e+01
8.213507461490385708e+01
8.311301350525023679e+01
8.409212574626241121e+01
8.506948773919809526e+01
8.604730929447789833e+01
8.702364460558098358e+01
8.800200394658260450e+01
8.898013839537327385e+01
8.995757861168667091e+01
9.093540016696645978e+01
9.191319238847961515e+01
9.289091616453725919e+01
9.386900172371684903e+01
9.484687216860773162e+01
9.582392126803252097e+01
9.680322906748901346e+01
9.777961326820317822e+01
9.875789438582708613e+01
9.973519771122946054e+01
1.007128921535204569e+02
1.016921510633658841e+02
1.026692588303239546e+02
1.036460732596156049e+02
1.046249410525724102e+02
1.056028310533077104e+02
1.065797432618214913e+02
1.075573399248903428e+02
1.085358166009585403e+02
1.095137066016938405e+02
1.104920854985398790e+02
1.114699754992751792e+02
1.124462032532339180e+02
1.134245821500799565e+02
1.144021788131488080e+02
1.153800688138841082e+02
1.163587410483965954e+02
1.173360443737989982e+02
1.183141299329786023e+02
1.192909443622702241e+02
1.202687365837833653e+02
1.212462354676300720e+02
1.222246143644761247e+02
1.232027977028778736e+02
1.241798076906138135e+02
1.251585777043484740e+02
1.261370543804166715e+02
1.271133799135975551e+02
1.280919543688879116e+02
1.290698443696231834e+02
1.300469521365812682e+02
1.310243532412058300e+02
1.320034165926069250e+02
1.329814043725643842e+02
1.339578276849674126e+02
1.349353265688141050e+02
1.359140965825487797e+02
1.368910087910625464e+02
1.378694854671307439e+02
1.388466910133109877e+02
1.398246787932684470e+02
1.408029599108923549e+02
1.417813388077383934e+02
1.427583487954743191e+02
1.437363365754317783e+02
1.447140310177227605e+02
1.456911387846808736e+02
1.466689310061940148e+02
1.476466254484849969e+02
1.486251999037753535e+02
1.496023076707334383e+02
1.505803932299130565e+02
1.515585765683148054e+02
1.525358798937172082e+02
1.535134765567860313e+02
1.544917576744099108e+02
1.554708210258110626e+02
1.564485154681020447e+02
1.574247432220607550e+02
1.584031221189068219e+02
1.593811098988642811e+02
1.603595865749324787e+02
1.613368899003348815e+02
1.623136065504043302e+02
1.632926699018054535e+02
1.642697776687635383e+02
1.652471787733881001e+02
1.662252643325676615e+02
1.672031543333029617e+02
1.681809465548161029e+02
1.691592276724400392e+02
1.701374110108417597e+02
1.711152032323549292e+02
1.720915287655357986e+02
1.730702010000483142e+02
1.740476021046728476e+02
1.750249054300752505e+02
1.760035776645877377e+02
1.769809787692122711e+02
1.779590643283918894e+02
1.789363676537942922e+02
1.799145509921960127e+02
1.808923432137091538e+02
1.818706243313330617e+02
1.828479276567354646e+02
1.838256220990264467e+02
1.848030232036510085e+02
1.857817932173856263e+02
1.867589987635658986e+02
1.877363998681904320e+02
1.887138987520371245e+02
1.896916909735502657e+02
1.906703632080627813e+02
1.916488398841309788e+02
1.926253609757561662e+02
1.936041309894908125e+02
1.945823143278925613e+02
1.955586398610734591e+02
1.965368231994751795e+02
1.975143220833219004e+02
1.984931898762786773e+02
1.994704932016810801e+02
2.004490676569714367e+02
2.014259798654852318e+02
2.024042609831091113e+02
2.033816620877336732e+02
2.043594543092468143e+02
2.053366598554270581e+02
2.063145498561623583e+02
2.072929287530083968e+02
2.082700365199665100e+02
2.092481220791460714e+02
2.102257187422149514e+02
2.112034131845059335e+02
2.121811076267969156e+02
2.131588998483100852e+02
2.141365942906010673e+02
2.151149731874471058e+02
2.160926676297380880e+02
2.170708509681398652e+02
2.180478609558757910e+02
2.190259465150553808e+02
2.200041298534571581e+02
2.209810420619709248e+02
2.219593231795948327e+02
2.229378976348851893e+02
2.239157876356204895e+02
2.248923087272456769e+02
2.258700031695366590e+02
2.268485776248270156e+02
2.278267609632287645e+02
2.288037709509647186e+02
2.297812698348113827e+02
2.307605287446567957e+02
2.317379298492813575e+02
2.327154287331280500e+02
2.336928298377525834e+02
2.346715020722650706e+02
2.356487076184453144e+02
2.366262065022920069e+02
2.376039987238051481e+02
2.385826709583176637e+02
2.395600720629422256e+02
2.405377665052332077e+02
2.415159498436349566e+02
2.424930576105930413e+02
2.434702631567732851e+02
2.444482509367307443e+02
2.454268253920211009e+02
2.464041287174234753e+02
2.473826053934917013e+02
2.483597131604497577e+02
2.493375053819628988e+02
2.503156887203646761e+02
2.512928942665448915e+02
2.522708820465023507e+02
2.532486742680154919e+02
2.542260753726400253e+02
2.552042587110417742e+02
2.561815620364441770e+02
2.571596475956237668e+02
2.581377331548034135e+02
2.591154275970943672e+02
2.600929264809410597e+02
2.610711098193428370e+02
2.620483153655230240e+02
2.630267920415912499e+02
2.640040953669936243e+02
2.649818875885068223e+02
2.659595820307977760e+02
2.669379609276438146e+02
2.679152642530462458e+02
2.688930564745593870e+02
2.698711420337389768e+02
2.708485431383634818e+02
2.718272153728759690e+02
2.728048120359449058e+02
2.737825064782358595e+02
2.747613742711926648e+02
2.757381887004843293e+02
2.767157853635531524e+02
2.776931864681777142e+02
2.786715653650237527e+02
2.796486731319818091e+02
2.806264653534949503e+02
2.816042575750080914e+02
2.825831253679648967e+02
2.835617976024774407e+02
2.845379275772140204e+02
2.855164042532822464e+02
2.864950764877947336e+02
2.874715975794198926e+02
2.884492920217109031e+02
2.894269864640018568e+02
2.904057564777365883e+02
2.913820820109174292e+02
2.923605586869855983e+02
2.933388398046095062e+02
2.943171209222334710e+02
2.952934464554143119e+02
2.962725098068154352e+02
2.972501064698842583e+02
2.982276053537309508e+02
2.992055931336884100e+02
3.001830920175351025e+02
3.011606886806039256e+02
3.021399475904493670e+02
3.031160775651858899e+02
3.040933808905883211e+02
3.050715642289900984e+02
3.060490631128367340e+02
3.070275397889050168e+02
3.080047453350852038e+02
3.089837109072641397e+02
3.099605253365558042e+02
3.109395886879569275e+02
3.119171853510257506e+02
3.128947820140946305e+02
3.138727697940520898e+02
3.148506597947873615e+02
3.158278653409675485e+02
3.168051686663699797e+02
3.177844275762153643e+02
3.187617309016177956e+02
3.197391320062423006e+02
3.207163375524225444e+02
3.216955964622679858e+02
3.226722153331153322e+02
3.236503008922949221e+02
3.246275064384751090e+02
3.256067653483205504e+02
3.265836775568343455e+02
3.275611764406810380e+02
3.285402397920821045e+02
3.295160764291522355e+02
3.304937708714432461e+02
3.314725408851778639e+02
3.324515064573569134e+02
3.334292008996478671e+02
3.344050375367179413e+02
3.353828297582310825e+02
3.363610130966328597e+02
3.373390008765903190e+02
3.383171842149920963e+02
3.392939986442837039e+02
3.402717908657968451e+02
3.412506586587536503e+02
3.422280597633782122e+02
3.432054608680027741e+02
3.441837419856266251e+02
3.451618275448062150e+02
3.461394242078750949e+02
3.471176075462768154e+02
3.480953997677899565e+02
3.490721164178594336e+02
3.500501041978168928e+02
3.510279941985522214e+02
3.520066664330647654e+02
3.529849475506886165e+02
3.539608819669808781e+02
3.549390653053826554e+02
3.559174442022286939e+02
3.568942586315203016e+02
3.578729308660328456e+02
3.588506253083238562e+02
3.598286130882813154e+02
3.608065030890165872e+02
3.617838064144189616e+02
3.627613052982656541e+02
3.637392930782231133e+02
3.647164986244033571e+02
3.656943886251386289e+02
3.666729630804289854e+02
3.676503641850535473e+02
3.686282541857888759e+02
3.696057530696355116e+02
3.705834475119265221e+02
3.715618264087726175e+02
3.725389341757306170e+02
3.735168241764659456e+02
3.744945186187569561e+02
3.754727997363808640e+02
3.764511786332269025e+02
3.774286775170735950e+02
3.784069586346975029e+02
3.793837730639891674e+02
3.803622497400573366e+02
3.813402375200147958e+02
3.823168563908620854e+02
3.832953330669303682e+02
3.842731252884435094e+02
3.852504286138458269e+02
3.862280252769147069e+02
3.872070886283158302e+02
3.881851741874954200e+02
3.891626730713421125e+02
3.901405630720774411e+02
3.911176708390354975e+02
3.920954630605486386e+02
3.930731575028396492e+02
3.940512430620192390e+02
3.950296219588652775e+02
3.960063386089347546e+02
3.969845219473365319e+02
3.979628030649604398e+02
3.989405952864735809e+02
3.999175074949873192e+02
4.008964730671663688e+02
4.018741675094573225e+02
4.028504930426381634e+02
4.038289697187063894e+02
4.048071530571081098e+02
4.057849452786212510e+02
4.067628352793565796e+02
4.077412141762026181e+02
4.087180286054942826e+02
4.096957230477852931e+02
4.106740041654092011e+02
4.116516008284780241e+02
4.126289041538803986e+02
4.136069897130599884e+02
4.145842930384624196e+02
4.155617919223090553e+02
4.165397797022665145e+02
4.175180608198904793e+02
4.184954619245149843e+02
4.194731563668059380e+02
4.204512419259855847e+02
4.214292297059430439e+02
4.224068263690118670e+02
4.233855963827464848e+02
4.243629974873710466e+02
4.253413763842170852e+02
4.263176041381758523e+02
4.272973519441320036e+02
4.282732863604242652e+02
4.292512741403817245e+02
4.302303374917828478e+02
4.312072497002966429e+02
4.321862152724755788e+02
4.331637141563222713e+02
4.341414085986132818e+02
4.351191030409042355e+02
4.360953307948630027e+02
4.370747852631527053e+02
4.380517952508886310e+02
4.390291963555131929e+02
4.400083574861364468e+02
4.409845852400951571e+02
4.419639419291627291e+02
4.429398763454549908e+02
4.439196241514111989e+02
4.448964385807028066e+02
4.458749152567710325e+02
4.468527074782841737e+02
4.478289352322428840e+02
4.488067274537560252e+02
4.497846174544913538e+02
4.507624096760044949e+02
4.517410819105169821e+02
4.527188741320301233e+02
4.536973508080983493e+02
4.546741652373900138e+02
4.556513707835702007e+02
4.566299452388605573e+02
4.576078352395958859e+02
4.585851385649982603e+02
4.595625396696227654e+02
4.605409185664688607e+02
4.615186130087598144e+02
4.624961118926065637e+02
4.634737085556753868e+02
4.644515985564106586e+02
4.654299774532566971e+02
4.664069874409926229e+02
4.673849752209500821e+02
4.683629630009075413e+02
4.693417330146422159e+02
4.703182541062673749e+02
4.712964374446691522e+02
4.722751096791816963e+02
4.732529996799169680e+02
4.742303030053193424e+02
4.752075085514995862e+02
4.761853985522349149e+02
4.771646574620802426e+02
4.781412763329275890e+02
4.791183840998857022e+02
4.800964696590652920e+02
4.810759241273550515e+02
4.820523474397580799e+02
4.830301396612712210e+02
4.840083229996729415e+02
4.849867996757411106e+02
4.859631252089220084e+02
4.869425796772117110e+02
4.879214474701685162e+02
4.888976752241272834e+02
4.898753696664182939e+02
4.908552152515965759e+02
4.918303674341116789e+02
4.928095285647349328e+02
4.937867341109151766e+02
4.947647218908725790e+02
4.957422207747192715e+02
4.967188396455666179e+02
4.976983918930785080e+02
4.986756952184809393e+02
4.996533896607718930e+02
5.006303018692856881e+02
5.016086807661317266e+02
5.025866685460891290e+02
5.035630918584921574e+02
5.045430352228926836e+02
5.055187740807405703e+02
5.064966640814759558e+02
5.074758252120992097e+02
5.084529329790572660e+02
5.094314096551254920e+02
5.104081263051949122e+02
5.113869940981518312e+02
5.123652752157756822e+02
5.133413074112901313e+02
5.143191974120253462e+02
5.152971851919828623e+02
5.162743907381631061e+02
5.172533563103420420e+02
5.182299751811893884e+02
5.192080607403689783e+02
5.201873196502143628e+02
5.211647207548388678e+02
5.221419263010192253e+02
5.231200118601988152e+02
5.240990752115999385e+02
5.250747162902257514e+02
5.260526062909609664e+02
5.270317674215842771e+02
5.280082885132094361e+02
5.289868629684998496e+02
5.299636773977914572e+02
5.309429363076368418e+02
5.319193596200399270e+02
5.328975429584417043e+02
5.338765085306205265e+02
5.348540074144673326e+02
5.358305285060924916e+02
5.368087118444942689e+02
5.377865040660074101e+02
5.387647851836312611e+02
5.397419907298115049e+02
5.407193918344361236e+02
5.416976729520599747e+02
5.426768340826831718e+02
5.436541374080856031e+02
5.446327118633760165e+02
5.456093307342232492e+02
5.465882963064022988e+02
5.475655996318046164e+02
5.485425118403184115e+02
5.495205973994980013e+02
5.504992696340104885e+02
5.514770618555236297e+02
5.524534851679267149e+02
5.534310818309955948e+02
5.544102429616187919e+02
5.553870573909103996e+02
5.563654362877565518e+02
5.573431307300475055e+02
5.583207273931162717e+02
5.593002796406282187e+02
5.602761162776982928e+02
5.612539084992115477e+02
5.622306251492808542e+02
5.632096885006820912e+02
5.641873829429730449e+02
5.651647840475975499e+02
5.661429673859993272e+02
5.671201729321795710e+02
5.680985518290256095e+02
5.690775174012046591e+02
5.700542340512740793e+02
5.710330040650086403e+02
5.720102096111889978e+02
5.729883929495907751e+02
5.739659896126595413e+02
5.749431951588397851e+02
5.759204007050200289e+02
5.768977040304224602e+02
5.778767673818235835e+02
5.788538751487816398e+02
5.798313740326283323e+02
5.808091662541414735e+02
5.817872518133210633e+02
5.827659240478335505e+02
5.837425429186808969e+02
5.847204329194162256e+02
5.856986162578178892e+02
5.866759195832203204e+02
5.876535162462892004e+02
5.886324818184681362e+02
5.896104695984255386e+02
5.905881640407166060e+02
5.915655651453411110e+02
5.925422817954105312e+02
5.935207584714787572e+02
5.944977684592147398e+02
5.954769295898379369e+02
5.964554062659062765e+02
5.974329051497528553e+02
5.984094262413780143e+02
5.993880006966684277e+02
6.003649129051822229e+02
6.013437806981390850e+02
6.023217684780964873e+02
6.032984851281660212e+02
6.042767662457898723e+02
6.052536784543036674e+02
6.062318617927054447e+02
6.072101429103292958e+02
6.081871528980652784e+02
6.091655317949113169e+02
6.101437151333129805e+02
6.111218984717147578e+02
6.120994951347836377e+02
6.130765051225196203e+02
6.140541017855883865e+02
6.150315028902128915e+02
6.160115440338356620e+02
6.169891406969044283e+02
6.179670306976396432e+02
6.189446273607085232e+02
6.199218329068888806e+02
6.209000162452905442e+02
6.218774173499151630e+02
6.228554051298725653e+02
6.238332951306077803e+02
6.248117718066761199e+02
6.257879017814126428e+02
6.267666717951472037e+02
6.277433884452167376e+02
6.287208873290634301e+02
6.297008306934638995e+02
6.306776451227556208e+02
6.316570018118230792e+02
6.326329362281153408e+02
6.336104351119620333e+02
6.345877384373644645e+02
6.355669973472099628e+02
6.365431273219464856e+02
6.375216039980145979e+02
6.385001784533050113e+02
6.394772862202631813e+02
6.404540028703326016e+02
6.414316973126235553e+02
6.424107606640246786e+02
6.433875750933163999e+02
6.443653673148295411e+02
6.453445284454527382e+02
6.463207561994114485e+02
6.472984506417025159e+02
6.482773184346592643e+02
6.492561862276161264e+02
6.502349562413506874e+02
6.512131395797524647e+02
6.521904429051548959e+02
6.531658884253364477e+02
6.541468095819584505e+02
6.551240151281385806e+02
6.561011228950967507e+02
6.570765684152781887e+02
6.580564140004565843e+02
6.590332284297481920e+02
6.600113139889277818e+02
6.609888128727744743e+02
6.619657250812882694e+02
6.629461573417994487e+02
6.639255140308670207e+02
6.649009595510485724e+02
6.658776762011181063e+02
6.668560550979641448e+02
6.678329673064778262e+02
6.688101728526581837e+02
6.697893339832813808e+02
6.707662461917951759e+02
6.717452117639741118e+02
6.727211461802663734e+02
6.737009917654447690e+02
6.746777084155141893e+02
6.756556961954717053e+02
6.766330973000962103e+02
6.776119650930529588e+02
6.785879972885674078e+02
6.795663761854135601e+02
6.805450484199260472e+02
6.815225473037726260e+02
6.824999484083972447e+02
6.834769583961331136e+02
6.844545550592019936e+02
